function beta_val = beta_drone_func(in1,Ax,Ay,Az,Ap,Aq,Ar)
%BETA_DRONE_FUNC
%    BETA_VAL = BETA_DRONE_FUNC(IN1,Ax,Ay,Az,Ap,Aq,Ar)

%    This function was generated by the Symbolic Math Toolbox version 25.2.
%    09-Nov-2025 21:50:28

q0 = in1(4,:);
q1 = in1(5,:);
q2 = in1(6,:);
q3 = in1(7,:);
zeta = in1(14,:);
t2 = q0.*q1;
t3 = q0.*q2;
t4 = q0.*q3;
t5 = q1.*q2;
t6 = q1.*q3;
t7 = q2.*q3;
t8 = q0.^2;
t9 = q1.^2;
t10 = q2.^2;
t11 = q3.^2;
t12 = 1.0./zeta;
t13 = -t7;
t14 = -t9;
t15 = -t10;
t16 = -t11;
t17 = t8+t11;
t18 = t3+t6;
t19 = t2+t13;
t20 = 1.0./t17;
t21 = t9+t10+t17;
t22 = 1.0./t21;
t23 = t22.^2;
mt1 = [t18.*t23.*(1.17e+2./1.25e+2),t12.*t23.*(t4-t5).*2.1528e-3,t12.*t23.*(t8+t9+t15+t16).*1.0764e-3,t12.*t19.*t20.*t22.*(-2.1528e-3),t19.*t23.*(-1.17e+2./1.25e+2),t12.*t23.*(t8+t10+t14+t16).*(-1.0764e-3),t12.*t23.*(t4+t5).*2.1528e-3,t12.*t18.*t20.*t22.*(-2.1528e-3),t23.*(t14+t15+t17).*(1.17e+2./2.5e+2),t12.*t23.*(t2+t7).*(-2.1528e-3),t12.*t23.*(t3-t6).*(-2.1528e-3),0.0,0.0,0.0,0.0];
mt2 = [4.6e-3];
beta_val = reshape([mt1,mt2],4,4);
end
